1.00e-01 2.00e-01 1.50e-01 1.00e+01
3.26e-02 2.63e-01 7.18e-01 1.50e+01
-3.31e-07 2.96e-01 2.81e-01 4.73e+02
1.52e-09 2.96e-01 2.82e-01 8.28e+02
1.97e-09 2.96e-01 2.82e-01 1.12e+03
1.84e-09 2.96e-01 2.82e-01 1.37e+03
1.65e-09 2.96e-01 2.82e-01 1.58e+03
1.89e-09 2.96e-01 2.82e-01 1.75e+03
-1.27e-09 2.96e-01 2.82e-01 1.89e+03
2.14e-09 2.96e-01 2.82e-01 2.01e+03
1.75e-09 2.96e-01 2.82e-01 2.11e+03
-2.90e-10 2.96e-01 2.82e-01 2.19e+03
-4.03e-10 2.96e-01 2.82e-01 2.26e+03
-3.86e-10 2.96e-01 2.82e-01 2.32e+03
4.51e-10 2.96e-01 2.82e-01 2.36e+03
1.05e-09 2.96e-01 2.82e-01 2.40e+03
5.16e-13 2.96e-01 2.82e-01 2.44e+03
2.29e-14 2.96e-01 2.82e-01 2.46e+03
2.55e-14 2.96e-01 2.82e-01 2.49e+03
-7.97e-13 2.96e-01 2.82e-01 2.51e+03
4.84e-13 2.96e-01 2.82e-01 2.52e+03
-1.55e-13 2.96e-01 2.82e-01 2.53e+03
1.83e-14 2.96e-01 2.82e-01 2.55e+03
-1.20e-14 2.96e-01 2.82e-01 2.55e+03
-4.39e-15 2.96e-01 2.82e-01 2.56e+03
-4.38e-14 2.96e-01 2.82e-01 2.57e+03
-7.24e-14 2.96e-01 2.82e-01 2.57e+03
2.86e-13 2.96e-01 2.82e-01 2.58e+03
3.57e-12 2.96e-01 2.82e-01 2.58e+03
-1.56e-12 2.96e-01 2.82e-01 2.59e+03
-1.14e-11 2.96e-01 2.82e-01 2.59e+03
1.04e-15 2.96e-01 2.82e-01 2.59e+03
8.75e-16 2.96e-01 2.82e-01 2.59e+03
-5.51e-15 2.96e-01 2.82e-01 2.59e+03
-9.18e-16 2.96e-01 2.82e-01 2.59e+03
1.34e-14 2.96e-01 2.82e-01 2.60e+03
2.44e-15 2.96e-01 2.82e-01 2.60e+03
2.18e-14 2.96e-01 2.82e-01 2.60e+03
-2.25e-14 2.96e-01 2.82e-01 2.60e+03
2.56e-14 2.96e-01 2.82e-01 2.60e+03
2.86e-14 2.96e-01 2.82e-01 2.60e+03
-1.50e-15 2.96e-01 2.82e-01 2.60e+03
1.20e-16 2.96e-01 2.82e-01 2.60e+03
-3.96e-16 2.96e-01 2.82e-01 2.60e+03
3.29e-16 2.96e-01 2.82e-01 2.60e+03
9.79e-16 2.96e-01 2.82e-01 2.60e+03
7.64e-15 2.96e-01 2.82e-01 2.60e+03
1.21e-15 2.96e-01 2.82e-01 2.60e+03
1.73e-14 2.96e-01 2.82e-01 2.60e+03
-2.14e-14 2.96e-01 2.82e-01 2.60e+03
9.66e-15 2.96e-01 2.82e-01 2.60e+03
8.48e-14 2.96e-01 2.82e-01 2.60e+03
-9.35e-13 2.96e-01 2.82e-01 2.60e+03
2.45e-13 2.96e-01 2.82e-01 2.60e+03
2.26e-13 2.96e-01 2.82e-01 2.60e+03
-3.72e-13 2.96e-01 2.82e-01 2.60e+03
1.28e-13 2.96e-01 2.82e-01 2.60e+03
-1.60e-14 2.96e-01 2.82e-01 2.60e+03
-7.94e-18 2.96e-01 2.82e-01 2.60e+03
5.74e-15 2.96e-01 2.82e-01 2.60e+03
1.69e-14 2.96e-01 2.82e-01 2.60e+03
6.99e-14 2.96e-01 2.82e-01 2.60e+03
4.01e-14 2.96e-01 2.82e-01 2.60e+03
-8.43e-14 2.96e-01 2.82e-01 2.60e+03
2.03e-13 2.96e-01 2.82e-01 2.60e+03
1.89e-13 2.96e-01 2.82e-01 2.60e+03
-1.06e-12 2.96e-01 2.82e-01 2.60e+03
6.27e-13 2.96e-01 2.82e-01 2.60e+03
2.87e-12 2.96e-01 2.82e-01 2.60e+03
-9.06e-12 2.96e-01 2.82e-01 2.60e+03
-1.20e-11 2.96e-01 2.82e-01 2.60e+03
-1.29e-12 2.96e-01 2.82e-01 2.60e+03
-6.07e-13 2.96e-01 2.82e-01 2.60e+03
-3.17e-15 2.96e-01 2.82e-01 2.60e+03
-6.56e-16 2.96e-01 2.82e-01 2.60e+03
-5.90e-15 2.96e-01 2.82e-01 2.60e+03
9.88e-16 2.96e-01 2.82e-01 2.60e+03
2.64e-16 2.96e-01 2.82e-01 2.60e+03
-2.14e-16 2.96e-01 2.82e-01 2.60e+03
-2.02e-17 2.96e-01 2.82e-01 2.60e+03
1.51e-17 2.96e-01 2.82e-01 2.60e+03
1.73e-16 2.96e-01 2.82e-01 2.60e+03
3.01e-16 2.96e-01 2.82e-01 2.60e+03
8.54e-17 2.96e-01 2.82e-01 2.60e+03
3.75e-16 2.96e-01 2.82e-01 2.60e+03
2.45e-16 2.96e-01 2.82e-01 2.60e+03
2.58e-17 2.96e-01 2.82e-01 2.60e+03
4.58e-17 2.96e-01 2.82e-01 2.60e+03
7.98e-20 2.96e-01 2.82e-01 2.60e+03
-2.22e-19 2.96e-01 2.82e-01 2.60e+03
-2.04e-19 2.96e-01 2.82e-01 2.60e+03
1.17e-19 2.96e-01 2.82e-01 2.60e+03
1.51e-19 2.96e-01 2.82e-01 2.60e+03
2.75e-20 2.96e-01 2.82e-01 2.60e+03
2.99e-19 2.96e-01 2.82e-01 2.60e+03
5.50e-19 2.96e-01 2.82e-01 2.60e+03
5.59e-19 2.96e-01 2.82e-01 2.60e+03
1.78e-19 2.96e-01 2.82e-01 2.60e+03
1.36e-21 2.96e-01 2.82e-01 2.60e+03
2.30e-20 2.96e-01 2.82e-01 2.60e+03
